===== EDA SUMMARY =====
Rows: 39251
Columns: 290

--- Missing Values (Top 20) ---
sy_kepmagerr1       39251
sy_kepmagerr2       39251
sy_icmagerr2        39211
sy_icmagerr1        39211
pl_occdeperr1       39207
pl_occdeperr2       39207
sy_icmag            39206
pl_occdep           39204
pl_occdeplim        39204
pl_trueobliqerr2    39189
pl_trueobliqerr1    39189
pl_trueobliq        39184
pl_trueobliqlim     39184
pl_cmassjerr1       39167
pl_cmasseerr1       39167
pl_cmassjerr2       39167
pl_cmasseerr2       39167
pl_cmassj           39163
pl_cmassjlim        39163
pl_cmasselim        39163
dtype: int64

--- Numeric Describe ---
                   count          mean           std          min          25%           50%           75%          max
rowid            39251.0  19626.000000  1.133093e+04     1.000000  9813.500000  19626.000000  29438.500000      39251.0
default_flag     39251.0      0.154901  3.618144e-01     0.000000     0.000000      0.000000      0.000000          1.0
sy_snum          39251.0      1.085297  3.085377e-01     1.000000     1.000000      1.000000      1.000000          4.0
sy_pnum          39251.0      1.918015  1.238266e+00     1.000000     1.000000      1.000000      2.000000          8.0
sy_mnum          39251.0      0.000000  0.000000e+00     0.000000     0.000000      0.000000      0.000000          0.0
cb_flag          39251.0      0.002420  4.913781e-02     0.000000     0.000000      0.000000      0.000000          1.0
disc_year        39251.0   2015.540190  4.010208e+00  1992.000000  2014.000000   2016.000000   2016.000000       2026.0
rv_flag          39231.0      0.250822  4.334918e-01     0.000000     0.000000      0.000000      1.000000          1.0
pul_flag         39231.0      0.000331  1.820080e-02     0.000000     0.000000      0.000000      0.000000          1.0
ptv_flag         39231.0      0.000051  7.139943e-03     0.000000     0.000000      0.000000      0.000000          1.0
tran_flag        39231.0      0.908465  2.883717e-01     0.000000     1.000000      1.000000      1.000000          1.0
ast_flag         39231.0      0.015778  1.246185e-01     0.000000     0.000000      0.000000      0.000000          1.0
obm_flag         39231.0      0.011649  1.073012e-01     0.000000     0.000000      0.000000      0.000000          1.0
micro_flag       39231.0      0.019551  1.384526e-01     0.000000     0.000000      0.000000      0.000000          1.0
etv_flag         39231.0      0.000841  2.899113e-02     0.000000     0.000000      0.000000      0.000000          1.0
ima_flag         39231.0      0.004435  6.645080e-02     0.000000     0.000000      0.000000      0.000000          1.0
dkin_flag        39231.0      0.000025  5.048767e-03     0.000000     0.000000      0.000000      0.000000          1.0
pl_controv_flag  39231.0      0.003110  5.567938e-02     0.000000     0.000000      0.000000      0.000000          1.0
pl_orbper        35907.0  12182.525878  2.122700e+06     0.090706     4.393157     10.339292     26.656557  402000000.0
pl_orbpererr1    34226.0  14094.492239  2.540687e+06     0.000000     0.000008      0.000038      0.000200  470000000.0